50
5000
1000
2
75
25
75
4
10
50
50
0
0
1
50
150
0
0
0
50
250
0
0
0
50
350
0
0
0
50
450
0
0
0
50
550
0
0
0
50
650
0
0
0
50
750
0
0
0
50
850
0
0
0
50
950
0
0
0
150
50
0
0
0
150
150
0
0
0
150
250
0
0
0
150
350
0
0
0
150
450
0
0
0
150
550
0
0
0
150
650
0
0
0
150
750
0
0
0
150
850
0
0
0
150
950
0
0
0
250
50
0
0
0
250
150
0
0
0
250
250
0
0
0
250
350
0
0
0
250
450
0
0
0
250
550
0
0
0
250
650
0
0
0
250
750
0
0
0
250
850
0
0
0
250
950
0
0
0
350
50
0
0
0
350
150
0
0
0
350
250
0
0
0
350
350
0
0
0
350
450
0
0
0
350
550
0
0
0
350
650
0
0
0
350
750
0
0
0
350
850
0
0
0
350
950
0
0
0
450
50
0
0
0
450
150
0
0
0
450
250
0
0
0
450
350
0
0
0
450
450
0
0
0
450
550
0
0
0
450
650
0
0
0
450
750
0
0
0
450
850
0
0
0
450
950
0
0
0
35
750
10
10
0
750
30
10
0
750
50
10
0
750
70
10
0
750
90
10
0
750
110
10
0
750
130
10
0
750
150
10
0
750
170
10
0
750
190
10
0
750
210
10
0
750
230
10
0
750
250
10
0
750
270
10
0
750
290
10
0
750
310
10
0
750
330
10
0
750
990
10
0
750
970
10
0
750
950
10
0
750
930
10
0
750
910
10
0
750
890
10
0
750
870
10
0
750
850
10
0
750
830
10
0
750
810
10
0
750
790
10
0
750
770
10
0
750
750
10
0
750
730
10
0
750
710
10
0
750
690
10
0
750
670
10
0
875
500
10
1
