20
5000
1000
2
75
25
75
4
10
50
300
0
0
1
50
400
0
0
0
50
500
0
0
0
50
600
0
0
0
50
700
0
0
0
150
300
0
0
0
150
400
0
0
0
150
500
0
0
0
150
600
0
0
0
150
700
0
0
0
250
300
0
0
0
250
400
0
0
0
250
500
0
0
0
250
600
0
0
0
250
700
0
0
0
350
300
0
0
0
350
400
0
0
0
350
500
0
0
0
350
600
0
0
0
350
700
0
0
0
34
875
500
10
1
500
250
10
0
525
251
10
0
549
255
10
0
573
261
10
0
596
269
10
0
618
280
10
0
639
292
10
0
659
307
10
0
677
323
10
0
693
341
10
0
708
361
10
0
720
382
10
0
731
404
10
0
739
427
10
0
745
451
10
0
749
475
10
0
750
500
10
0
749
525
10
0
745
549
10
0
739
573
10
0
731
596
10
0
720
618
10
0
708
639
10
0
693
659
10
0
677
677
10
0
659
693
10
0
639
708
10
0
618
720
10
0
596
731
10
0
573
739
10
0
549
745
10
0
525
749
10
0
500
750
10
0
